[logo_01_p2ts.jpg]
filters=finetune2=1,0.000000,0.000000,0.387368,00000000,0.000000;unsharp2=1,0.771930;radsat=1,0.560137,0.530831,0.146199,1.000000;
moddate=70421e18d5a9d401
width=291
height=373
textactive=0
